0.0
0.21666156231653746
0.43332312463307493
0.6499846869496124
0.8666462492661499
1.0833078115826873
1.2999693738992248
1.5166309362157622
1.7332924985322997
1.949954060848837
2.1666156231653746
2.3832771854819117
2.5999387477984497
2.8166003101149872
3.0332618724315243
3.2499234347480614
3.4665849970645994
3.683246559381137
3.899908121697674
4.116569684014212
4.333231246330749
4.549892808647287
4.766554370963823
4.983215933280361
5.199877495596899
5.416539057913437
5.6332006202299745
5.849862182546511
6.066523744863049
6.283185307179586
