0.0
0.43332312463307493
0.8666462492661499
1.2999693738992248
1.7332924985322997
2.1666156231653746
2.5999387477984497
3.0332618724315243
3.4665849970645994
3.899908121697674
4.333231246330749
4.766554370963823
5.199877495596899
5.6332006202299745
6.066523744863049
6.499846869496123
6.933169994129199
7.366493118762274
7.799816243395348
8.233139368028423
8.666462492661498
9.099785617294573
9.533108741927647
9.966431866560722
10.399754991193799
10.833078115826874
11.266401240459949
11.699724365093022
12.133047489726097
12.566370614359172
0.0
0.43332312463307493
0.8666462492661499
1.2999693738992248
1.7332924985322997
2.1666156231653746
2.5999387477984497
3.0332618724315243
3.4665849970645994
3.899908121697674
4.333231246330749
4.766554370963823
5.199877495596899
5.6332006202299745
6.066523744863049
6.499846869496123
6.933169994129199
7.366493118762274
7.799816243395348
8.233139368028423
8.666462492661498
9.099785617294573
9.533108741927647
9.966431866560722
10.399754991193799
10.833078115826874
11.266401240459949
11.699724365093022
12.133047489726097
12.566370614359172
0.0
0.43332312463307493
0.8666462492661499
1.2999693738992248
1.7332924985322997
2.1666156231653746
2.5999387477984497
3.0332618724315243
3.4665849970645994
3.899908121697674
4.333231246330749
4.766554370963823
5.199877495596899
5.6332006202299745
6.066523744863049
6.499846869496123
6.933169994129199
7.366493118762274
7.799816243395348
8.233139368028423
8.666462492661498
9.099785617294573
9.533108741927647
9.966431866560722
10.399754991193799
10.833078115826874
11.266401240459949
11.699724365093022
12.133047489726097
12.566370614359172
0.0
0.43332312463307493
0.8666462492661499
1.2999693738992248
1.7332924985322997
2.1666156231653746
2.5999387477984497
3.0332618724315243
3.4665849970645994
3.899908121697674
4.333231246330749
4.766554370963823
5.199877495596899
5.6332006202299745
6.066523744863049
6.499846869496123
6.933169994129199
7.366493118762274
7.799816243395348
8.233139368028423
8.666462492661498
9.099785617294573
9.533108741927647
9.966431866560722
10.399754991193799
10.833078115826874
11.266401240459949
11.699724365093022
12.133047489726097
12.566370614359172
0.0
0.43332312463307493
0.8666462492661499
1.2999693738992248
1.7332924985322997
2.1666156231653746
2.5999387477984497
3.0332618724315243
3.4665849970645994
3.899908121697674
4.333231246330749
4.766554370963823
5.199877495596899
5.6332006202299745
6.066523744863049
6.499846869496123
6.933169994129199
7.366493118762274
7.799816243395348
8.233139368028423
8.666462492661498
9.099785617294573
9.533108741927647
9.966431866560722
10.399754991193799
10.833078115826874
11.266401240459949
11.699724365093022
12.133047489726097
12.566370614359172
0.0
0.43332312463307493
0.8666462492661499
1.2999693738992248
1.7332924985322997
2.1666156231653746
2.5999387477984497
3.0332618724315243
3.4665849970645994
3.899908121697674
4.333231246330749
4.766554370963823
5.199877495596899
5.6332006202299745
6.066523744863049
6.499846869496123
6.933169994129199
7.366493118762274
7.799816243395348
8.233139368028423
8.666462492661498
9.099785617294573
9.533108741927647
9.966431866560722
10.399754991193799
10.833078115826874
11.266401240459949
11.699724365093022
12.133047489726097
12.566370614359172
0.0
0.43332312463307493
0.8666462492661499
1.2999693738992248
1.7332924985322997
2.1666156231653746
2.5999387477984497
3.0332618724315243
3.4665849970645994
3.899908121697674
4.333231246330749
4.766554370963823
5.199877495596899
5.6332006202299745
6.066523744863049
6.499846869496123
6.933169994129199
7.366493118762274
7.799816243395348
8.233139368028423
8.666462492661498
9.099785617294573
9.533108741927647
9.966431866560722
10.399754991193799
10.833078115826874
11.266401240459949
11.699724365093022
12.133047489726097
12.566370614359172
0.0
0.43332312463307493
0.8666462492661499
1.2999693738992248
1.7332924985322997
2.1666156231653746
2.5999387477984497
3.0332618724315243
3.4665849970645994
3.899908121697674
4.333231246330749
4.766554370963823
5.199877495596899
5.6332006202299745
6.066523744863049
6.499846869496123
6.933169994129199
7.366493118762274
7.799816243395348
8.233139368028423
8.666462492661498
9.099785617294573
9.533108741927647
9.966431866560722
10.399754991193799
10.833078115826874
11.266401240459949
11.699724365093022
12.133047489726097
12.566370614359172
0.0
0.43332312463307493
0.8666462492661499
1.2999693738992248
1.7332924985322997
2.1666156231653746
2.5999387477984497
3.0332618724315243
3.4665849970645994
3.899908121697674
4.333231246330749
4.766554370963823
5.199877495596899
5.6332006202299745
6.066523744863049
6.499846869496123
6.933169994129199
7.366493118762274
7.799816243395348
8.233139368028423
8.666462492661498
9.099785617294573
9.533108741927647
9.966431866560722
10.399754991193799
10.833078115826874
11.266401240459949
11.699724365093022
12.133047489726097
12.566370614359172
0.0
0.43332312463307493
0.8666462492661499
1.2999693738992248
1.7332924985322997
2.1666156231653746
2.5999387477984497
3.0332618724315243
3.4665849970645994
3.899908121697674
4.333231246330749
4.766554370963823
5.199877495596899
5.6332006202299745
6.066523744863049
6.499846869496123
6.933169994129199
7.366493118762274
7.799816243395348
8.233139368028423
8.666462492661498
9.099785617294573
9.533108741927647
9.966431866560722
10.399754991193799
10.833078115826874
11.266401240459949
11.699724365093022
12.133047489726097
12.566370614359172
0.0
0.43332312463307493
0.8666462492661499
1.2999693738992248
1.7332924985322997
2.1666156231653746
2.5999387477984497
3.0332618724315243
3.4665849970645994
3.899908121697674
4.333231246330749
4.766554370963823
5.199877495596899
5.6332006202299745
6.066523744863049
6.499846869496123
6.933169994129199
7.366493118762274
7.799816243395348
8.233139368028423
8.666462492661498
9.099785617294573
9.533108741927647
9.966431866560722
10.399754991193799
10.833078115826874
11.266401240459949
11.699724365093022
12.133047489726097
12.566370614359172
0.0
0.43332312463307493
0.8666462492661499
1.2999693738992248
1.7332924985322997
2.1666156231653746
2.5999387477984497
3.0332618724315243
3.4665849970645994
3.899908121697674
4.333231246330749
4.766554370963823
5.199877495596899
5.6332006202299745
6.066523744863049
6.499846869496123
6.933169994129199
7.366493118762274
7.799816243395348
8.233139368028423
8.666462492661498
9.099785617294573
9.533108741927647
9.966431866560722
10.399754991193799
10.833078115826874
11.266401240459949
11.699724365093022
12.133047489726097
12.566370614359172
0.0
0.43332312463307493
0.8666462492661499
1.2999693738992248
1.7332924985322997
2.1666156231653746
2.5999387477984497
3.0332618724315243
3.4665849970645994
3.899908121697674
4.333231246330749
4.766554370963823
5.199877495596899
5.6332006202299745
6.066523744863049
6.499846869496123
6.933169994129199
7.366493118762274
7.799816243395348
8.233139368028423
8.666462492661498
9.099785617294573
9.533108741927647
9.966431866560722
10.399754991193799
10.833078115826874
11.266401240459949
11.699724365093022
12.133047489726097
12.566370614359172
0.0
0.43332312463307493
0.8666462492661499
1.2999693738992248
1.7332924985322997
2.1666156231653746
2.5999387477984497
3.0332618724315243
3.4665849970645994
3.899908121697674
4.333231246330749
4.766554370963823
5.199877495596899
5.6332006202299745
6.066523744863049
6.499846869496123
6.933169994129199
7.366493118762274
7.799816243395348
8.233139368028423
8.666462492661498
9.099785617294573
9.533108741927647
9.966431866560722
10.399754991193799
10.833078115826874
11.266401240459949
11.699724365093022
12.133047489726097
12.566370614359172
0.0
0.43332312463307493
0.8666462492661499
1.2999693738992248
1.7332924985322997
2.1666156231653746
2.5999387477984497
3.0332618724315243
3.4665849970645994
3.899908121697674
4.333231246330749
4.766554370963823
5.199877495596899
5.6332006202299745
6.066523744863049
6.499846869496123
6.933169994129199
7.366493118762274
7.799816243395348
8.233139368028423
8.666462492661498
9.099785617294573
9.533108741927647
9.966431866560722
10.399754991193799
10.833078115826874
11.266401240459949
11.699724365093022
12.133047489726097
12.566370614359172
0.0
0.43332312463307493
0.8666462492661499
1.2999693738992248
1.7332924985322997
2.1666156231653746
2.5999387477984497
3.0332618724315243
3.4665849970645994
3.899908121697674
4.333231246330749
4.766554370963823
5.199877495596899
5.6332006202299745
6.066523744863049
6.499846869496123
6.933169994129199
7.366493118762274
7.799816243395348
8.233139368028423
8.666462492661498
9.099785617294573
9.533108741927647
9.966431866560722
10.399754991193799
10.833078115826874
11.266401240459949
11.699724365093022
12.133047489726097
12.566370614359172
0.0
0.43332312463307493
0.8666462492661499
1.2999693738992248
1.7332924985322997
2.1666156231653746
2.5999387477984497
3.0332618724315243
3.4665849970645994
3.899908121697674
4.333231246330749
4.766554370963823
5.199877495596899
5.6332006202299745
6.066523744863049
6.499846869496123
6.933169994129199
7.366493118762274
7.799816243395348
8.233139368028423
8.666462492661498
9.099785617294573
9.533108741927647
9.966431866560722
10.399754991193799
10.833078115826874
11.266401240459949
11.699724365093022
12.133047489726097
12.566370614359172
0.0
0.43332312463307493
0.8666462492661499
1.2999693738992248
1.7332924985322997
2.1666156231653746
2.5999387477984497
3.0332618724315243
3.4665849970645994
3.899908121697674
4.333231246330749
4.766554370963823
5.199877495596899
5.6332006202299745
6.066523744863049
6.499846869496123
6.933169994129199
7.366493118762274
7.799816243395348
8.233139368028423
8.666462492661498
9.099785617294573
9.533108741927647
9.966431866560722
10.399754991193799
10.833078115826874
11.266401240459949
11.699724365093022
12.133047489726097
12.566370614359172
0.0
0.43332312463307493
0.8666462492661499
1.2999693738992248
1.7332924985322997
2.1666156231653746
2.5999387477984497
3.0332618724315243
3.4665849970645994
3.899908121697674
4.333231246330749
4.766554370963823
5.199877495596899
5.6332006202299745
6.066523744863049
6.499846869496123
6.933169994129199
7.366493118762274
7.799816243395348
8.233139368028423
8.666462492661498
9.099785617294573
9.533108741927647
9.966431866560722
10.399754991193799
10.833078115826874
11.266401240459949
11.699724365093022
12.133047489726097
12.566370614359172
0.0
0.43332312463307493
0.8666462492661499
1.2999693738992248
1.7332924985322997
2.1666156231653746
2.5999387477984497
3.0332618724315243
3.4665849970645994
3.899908121697674
4.333231246330749
4.766554370963823
5.199877495596899
5.6332006202299745
6.066523744863049
6.499846869496123
6.933169994129199
7.366493118762274
7.799816243395348
8.233139368028423
8.666462492661498
9.099785617294573
9.533108741927647
9.966431866560722
10.399754991193799
10.833078115826874
11.266401240459949
11.699724365093022
12.133047489726097
12.566370614359172
0.0
0.43332312463307493
0.8666462492661499
1.2999693738992248
1.7332924985322997
2.1666156231653746
2.5999387477984497
3.0332618724315243
3.4665849970645994
3.899908121697674
4.333231246330749
4.766554370963823
5.199877495596899
5.6332006202299745
6.066523744863049
6.499846869496123
6.933169994129199
7.366493118762274
7.799816243395348
8.233139368028423
8.666462492661498
9.099785617294573
9.533108741927647
9.966431866560722
10.399754991193799
10.833078115826874
11.266401240459949
11.699724365093022
12.133047489726097
12.566370614359172
0.0
0.43332312463307493
0.8666462492661499
1.2999693738992248
1.7332924985322997
2.1666156231653746
2.5999387477984497
3.0332618724315243
3.4665849970645994
3.899908121697674
4.333231246330749
4.766554370963823
5.199877495596899
5.6332006202299745
6.066523744863049
6.499846869496123
6.933169994129199
7.366493118762274
7.799816243395348
8.233139368028423
8.666462492661498
9.099785617294573
9.533108741927647
9.966431866560722
10.399754991193799
10.833078115826874
11.266401240459949
11.699724365093022
12.133047489726097
12.566370614359172
0.0
0.43332312463307493
0.8666462492661499
1.2999693738992248
1.7332924985322997
2.1666156231653746
2.5999387477984497
3.0332618724315243
3.4665849970645994
3.899908121697674
4.333231246330749
4.766554370963823
5.199877495596899
5.6332006202299745
6.066523744863049
6.499846869496123
6.933169994129199
7.366493118762274
7.799816243395348
8.233139368028423
8.666462492661498
9.099785617294573
9.533108741927647
9.966431866560722
10.399754991193799
10.833078115826874
11.266401240459949
11.699724365093022
12.133047489726097
12.566370614359172
0.0
0.43332312463307493
0.8666462492661499
1.2999693738992248
1.7332924985322997
2.1666156231653746
2.5999387477984497
3.0332618724315243
3.4665849970645994
3.899908121697674
4.333231246330749
4.766554370963823
5.199877495596899
5.6332006202299745
6.066523744863049
6.499846869496123
6.933169994129199
7.366493118762274
7.799816243395348
8.233139368028423
8.666462492661498
9.099785617294573
9.533108741927647
9.966431866560722
10.399754991193799
10.833078115826874
11.266401240459949
11.699724365093022
12.133047489726097
12.566370614359172
0.0
0.43332312463307493
0.8666462492661499
1.2999693738992248
1.7332924985322997
2.1666156231653746
2.5999387477984497
3.0332618724315243
3.4665849970645994
3.899908121697674
4.333231246330749
4.766554370963823
5.199877495596899
5.6332006202299745
6.066523744863049
6.499846869496123
6.933169994129199
7.366493118762274
7.799816243395348
8.233139368028423
8.666462492661498
9.099785617294573
9.533108741927647
9.966431866560722
10.399754991193799
10.833078115826874
11.266401240459949
11.699724365093022
12.133047489726097
12.566370614359172
0.0
0.43332312463307493
0.8666462492661499
1.2999693738992248
1.7332924985322997
2.1666156231653746
2.5999387477984497
3.0332618724315243
3.4665849970645994
3.899908121697674
4.333231246330749
4.766554370963823
5.199877495596899
5.6332006202299745
6.066523744863049
6.499846869496123
6.933169994129199
7.366493118762274
7.799816243395348
8.233139368028423
8.666462492661498
9.099785617294573
9.533108741927647
9.966431866560722
10.399754991193799
10.833078115826874
11.266401240459949
11.699724365093022
12.133047489726097
12.566370614359172
0.0
0.43332312463307493
0.8666462492661499
1.2999693738992248
1.7332924985322997
2.1666156231653746
2.5999387477984497
3.0332618724315243
3.4665849970645994
3.899908121697674
4.333231246330749
4.766554370963823
5.199877495596899
5.6332006202299745
6.066523744863049
6.499846869496123
6.933169994129199
7.366493118762274
7.799816243395348
8.233139368028423
8.666462492661498
9.099785617294573
9.533108741927647
9.966431866560722
10.399754991193799
10.833078115826874
11.266401240459949
11.699724365093022
12.133047489726097
12.566370614359172
0.0
0.43332312463307493
0.8666462492661499
1.2999693738992248
1.7332924985322997
2.1666156231653746
2.5999387477984497
3.0332618724315243
3.4665849970645994
3.899908121697674
4.333231246330749
4.766554370963823
5.199877495596899
5.6332006202299745
6.066523744863049
6.499846869496123
6.933169994129199
7.366493118762274
7.799816243395348
8.233139368028423
8.666462492661498
9.099785617294573
9.533108741927647
9.966431866560722
10.399754991193799
10.833078115826874
11.266401240459949
11.699724365093022
12.133047489726097
12.566370614359172
0.0
0.43332312463307493
0.8666462492661499
1.2999693738992248
1.7332924985322997
2.1666156231653746
2.5999387477984497
3.0332618724315243
3.4665849970645994
3.899908121697674
4.333231246330749
4.766554370963823
5.199877495596899
5.6332006202299745
6.066523744863049
6.499846869496123
6.933169994129199
7.366493118762274
7.799816243395348
8.233139368028423
8.666462492661498
9.099785617294573
9.533108741927647
9.966431866560722
10.399754991193799
10.833078115826874
11.266401240459949
11.699724365093022
12.133047489726097
12.566370614359172
0.0
0.43332312463307493
0.8666462492661499
1.2999693738992248
1.7332924985322997
2.1666156231653746
2.5999387477984497
3.0332618724315243
3.4665849970645994
3.899908121697674
4.333231246330749
4.766554370963823
5.199877495596899
5.6332006202299745
6.066523744863049
6.499846869496123
6.933169994129199
7.366493118762274
7.799816243395348
8.233139368028423
8.666462492661498
9.099785617294573
9.533108741927647
9.966431866560722
10.399754991193799
10.833078115826874
11.266401240459949
11.699724365093022
12.133047489726097
12.566370614359172
