0.0
0.6981317007977318
1.3962634015954636
2.0943951023931953
2.792526803190927
3.490658503988659
4.1887902047863905
4.886921905584122
5.585053606381854
6.283185307179586
0.0
0.6981317007977318
1.3962634015954636
2.0943951023931953
2.792526803190927
3.490658503988659
4.1887902047863905
4.886921905584122
5.585053606381854
6.283185307179586
0.0
0.6981317007977318
1.3962634015954636
2.0943951023931953
2.792526803190927
3.490658503988659
4.1887902047863905
4.886921905584122
5.585053606381854
6.283185307179586
0.0
0.6981317007977318
1.3962634015954636
2.0943951023931953
2.792526803190927
3.490658503988659
4.1887902047863905
4.886921905584122
5.585053606381854
6.283185307179586
0.0
0.6981317007977318
1.3962634015954636
2.0943951023931953
2.792526803190927
3.490658503988659
4.1887902047863905
4.886921905584122
5.585053606381854
6.283185307179586
0.0
0.6981317007977318
1.3962634015954636
2.0943951023931953
2.792526803190927
3.490658503988659
4.1887902047863905
4.886921905584122
5.585053606381854
6.283185307179586
0.0
0.6981317007977318
1.3962634015954636
2.0943951023931953
2.792526803190927
3.490658503988659
4.1887902047863905
4.886921905584122
5.585053606381854
6.283185307179586
0.0
0.6981317007977318
1.3962634015954636
2.0943951023931953
2.792526803190927
3.490658503988659
4.1887902047863905
4.886921905584122
5.585053606381854
6.283185307179586
0.0
0.6981317007977318
1.3962634015954636
2.0943951023931953
2.792526803190927
3.490658503988659
4.1887902047863905
4.886921905584122
5.585053606381854
6.283185307179586
0.0
0.6981317007977318
1.3962634015954636
2.0943951023931953
2.792526803190927
3.490658503988659
4.1887902047863905
4.886921905584122
5.585053606381854
6.283185307179586
